0
0
1.77071e-05
7.08282e-05
0.000153821
0.000275906
0.000424233
0.000615283
0.000828945
0.00108896
0.00136796
0.00167874
0.00204126
0.00241738
0.00284887
0.00329032
0.00379078
0.00429756
0.00486699
0.00543911
0.00607749
0.00671494
0.0074223
0.00812508
0.00885966
0.00966952
0.0104694
0.0113483
0.0122135
0.0131613
0.0140919
0.0151086
0.0161045
0.0171903
0.0182515
0.0193445
0.0205328
0.0216911
0.0229483
0.024172
0.0254982
0.0267872
0.0281824
0.0295367
0.0310008
0.0324205
0.0339536
0.0354386
0.0370406
0.038591
0.0401732
0.0418777
0.0435252
0.0452987
0.0470115
0.048854
0.0506322
0.0525436
0.0543871
0.0563675
0.0582763
0.0603257
0.0622998
0.0643058
0.0664576
0.0685289
0.0707498
0.0728864
0.0751762
0.0773781
0.0797369
0.0820042
0.0844319
0.0867645
0.089129
0.0916592
0.0940889
0.0966881
0.0991832
0.101851
0.104412
0.107149
0.109775
0.112581
0.115272
0.118147
0.120903
0.123847
0.126669
0.129682
0.132569
0.135488
0.138604
0.141588
0.144772
0.147822
0.151075
0.15419
0.157512
0.160693
0.164084
0.16733
0.17079
0.174101
0.17763
0.181006
0.184414
0.188046
0.191519
0.19522
0.198759
0.202529
0.206133
0.209971
0.213641
0.217548
0.221283
0.22526
0.22906
0.232891
0.236971
0.240868
0.245016
0.248978
0.253195
0.257223
0.261509
0.265602
0.269957
0.274116
0.27854
0.282763
0.287256
0.291546
0.295866
0.300462
0.304848
0.309513
0.313964
0.318698
0.323214
0.328017
0.332599
0.33747
0.342118
0.347058
0.351771
0.356516
0.361559
0.366369
0.37148
0.376356
0.381536
0.386477
0.391727
0.396733
0.402052
0.407123
0.412226
0.417647
0.422816
0.428306
0.43354
0.439099
0.444398
0.450026
0.45539
0.461087
0.466517
0.472283
0.477778
0.483613
0.489174
0.494766
0.500704
0.506361
0.512368
0.518091
0.524166
0.529954
0.536099
0.541952
0.548166
0.554085
0.560367
0.566351
0.572367
0.578752
0.584833
0.591287
0.597434
0.603957
0.610169
0.61676
0.623038
0.629698
0.636041
0.642771
0.649179
0.655977
0.662451
0.668956
0.675857
0.682794
0.689398
0.696403
0.703073
0.710147
0.716882
0.724025
0.730825
0.738038
0.744903
0.752184
0.759115
0.766078
0.773462
0.78049
0.787942
0.795036
0.802557
0.809716
0.817307
0.824531
0.83219
0.839479
0.847208
0.854563
0.861949
0.86978
0.877232
0.885132
0.892649
0.900618
0.9082
0.916239
0.923886
0.931993
0.939706
0.947882
0.955661
0.963906
0.971749
0.979625
0.987972
0.995913
1.00433
1.01234
1.02082
1.02889
1.03745
1.04558
1.05421
1.06241
1.0711
1.07937
1.08813
1.09646
1.10529
1.11369
1.12212
1.13105
1.13955
1.14855
1.15711
1.16618
1.17481
1.18395
1.19264
1.20185
1.2106
1.21988
1.2287
1.23756
1.24694
1.25586
1.26531
1.27429
1.28381
1.29286
1.30244
1.31156
1.32122
1.3304
1.34012
1.34937
1.35916
1.36847
1.37833
1.38771
1.39764
1.40708
1.41656
1.42659
1.43613
1.44623
1.45584
1.46601
1.47568
1.48592
1.49566
1.50597
1.51631
1.52615
1.53656
1.54646
1.55694
1.56691
1.5769
1.58749
1.59755
1.60821
1.61833
1.62906
1.63925
1.65004
1.6603
1.67116
1.68148
1.69242
1.7028
1.71322
1.72426
1.73474
1.74584
1.75639
1.76757
1.77818
1.78942
1.8001
1.81141
1.82216
1.83354
1.84435
1.8558
1.86667
1.87758
1.88913
1.90011
1.91173
1.92277
1.93445
1.94556
1.95732
1.96849
1.98031
1.99155
2.00344
2.01474
2.02608
2.03807
2.04947
2.06154
2.073
2.08514
2.09666
2.10887
2.12046
2.13274
2.14439
2.15674
2.16846
2.18022
2.19266
2.20448
2.217
2.22889
2.24147
2.25342
2.26607
2.27809
2.29081
2.30289
2.31568
2.32783
2.34069
2.3529
2.36583
2.37811
2.39042
2.40345
2.41583
2.42893
2.44137
2.45453
2.46704
2.48028
2.49285
2.50616
2.51879
2.53217
2.54487
2.55831
2.57108
2.58388
2.59743
2.6103
2.62391
2.63684
2.65052
2.66352
2.67727
2.69106
2.70416
2.71801
2.73117
2.7451
2.75833
2.77232
2.78561
2.79968
2.81303
2.82717
2.84059
2.85404
2.86828
2.8818
2.8961
2.90969
2.92406
2.93847
2.95215
2.96663
2.98038
2.99416
3.00874
3.02258
3.03723
3.05114
3.06586
3.07984
3.09463
3.10867
3.12352
3.13763
3.15256
3.16673
3.18093
3.19596
3.21023
3.22533
3.23966
3.25483
3.26923
3.28446
3.29893
3.31423
3.32876
3.34413
3.35873
3.37336
3.38883
3.40353
3.41907
3.43383
3.44944
3.46426
3.47995
3.49484
3.51059
3.52554
3.54136
3.55638
3.57227
3.58736
3.60247
3.61846
3.63365
3.64971
3.66495
3.68108
3.6964
3.71259
3.72797
3.74424
3.75968
3.77602
3.79153
3.80793
3.82351
3.83998
3.85562
3.87129
3.88787
3.90361
3.92025
3.93605
3.95277
3.96864
3.98542
4.00135
4.01821
4.0342
4.05113
4.06719
4.08418
4.10031
4.11647
4.13356
4.14979
4.16695
4.18324
4.20047
4.21774
4.23413
4.25146
4.26792
4.28532
4.30184
4.31932
4.3359
4.35252
4.3701
4.38678
4.40442
4.42117
4.43889
4.4557
4.47348
4.49036
4.50821
4.52516
4.54308
4.56009
4.57808
4.59515
4.61321
4.63035
4.64848
4.66569
4.68388
4.70115
4.71942
4.73676
4.75412
4.77249
4.78992
4.80836
4.82586
4.84437
4.86193
4.88051
4.89814
4.91678
4.93447
4.95319
4.97095
4.98973
5.00755
5.02641
5.0443
5.06222
5.08117
5.09916
5.11818
5.13624
5.15533
5.17345
5.19261
5.21079
5.23002
5.24827
5.26757
5.28588
5.30423
5.32363
5.34204
5.36151
5.37999
5.39953
5.41807
5.43768
5.45628
5.47596
5.49463
5.51438
5.53312
5.55293
5.57173
5.59057
5.61049
5.62939
5.64937
5.66834
5.6884
5.70743
5.72755
5.74665
5.76684
5.786
5.80626
5.82549
5.84582
5.86512
5.88444
5.90487
5.92426
5.94477
5.96422
5.98479
6.00431
6.02495
6.04563
6.06525
6.08599
6.10568
6.12649
6.14624
6.16602
6.18694
6.20679
6.22777
6.24768
6.27428
6.29427
6.3154
6.33546
6.35666
6.37677
6.39804
6.41823
6.43957
6.45982
6.48122
6.50154
6.52301
6.54339
6.5638
6.58538
6.60586
6.62751
6.64805
6.66977
6.69037
6.71216
6.73283
6.75469
6.77542
6.79619
6.81815
6.83899
6.86101
6.88191
6.90401
6.92497
6.94714
6.96817
6.9904
7.0115
7.0338
7.05496
7.07616
7.09856
7.11982
7.14229
7.16362
7.18616
7.20755
7.23016
7.25161
7.2743
7.29582
7.31857
7.34015
7.36177
7.38462
7.4063
7.42922
7.45097
7.47396
7.49577
7.51883
7.54071
7.56384
7.58578
7.60898
7.63099
7.65303
7.67633
7.69844
7.7218
7.74398
7.76741
7.78965
7.81316
7.83546
7.85903
7.8814
7.90505
7.92748
7.94994
7.97369
7.99622
8.02004
8.04263
8.06652
8.08918
8.11313
8.13586
8.15988
8.18267
8.20676
8.23089
8.25378
8.27798
8.30093
8.3252
8.34822
8.37127
8.39564
8.41876
8.44319
8.46638
8.49088
8.51413
8.5387
8.56202
8.58666
8.61004
8.63475
8.6582
8.68298
8.70649
8.73003
8.75491
8.77852
8.80347
8.82715
8.85217
8.87591
8.901
8.9248
8.94996
8.97383
8.99773
9.02299
9.04829
9.07229
9.09632
9.12172
9.14582
9.17128
9.19545
9.22098
9.24521
9.27082
9.29511
9.31943
9.34514
9.36953
9.39531
9.41977
9.44561
9.47013
9.49605
9.52064
9.54662
9.57127
9.59733
9.62204
9.64679
9.67295
9.69776
9.72399
9.74886
9.77516
9.8001
9.82647
9.85148
9.87791
9.90298
9.92949
9.95462
9.9798
10.0064
10.0316
10.0583
10.0836
10.1104
10.1357
10.1625
10.188
10.2148
10.2403
10.2673
10.2929
10.3185
10.3455
10.3712
10.3983
10.424
10.4512
10.477
10.5043
10.5301
10.5574
10.5834
10.6108
10.6367
10.6642
10.6903
10.7163
10.7439
10.7715
10.7977
10.8254
10.8516
10.8794
10.9057
10.9335
10.9599
10.9877
11.0142
11.0407
11.0686
11.0952
11.1232
11.1498
11.178
11.2046
11.2328
11.2596
11.2878
11.3146
11.343
11.3698
11.3982
11.4251
11.4521
11.4806
11.5076
11.5362
11.5633
11.5919
11.6191
11.6478
11.675
11.7038
11.7311
11.7599
11.7873
11.8147
11.8436
11.8711
11.9001
11.9276
11.9567
11.9843
12.0134
12.0411
12.0703
12.098
12.1273
12.1551
12.1829
12.2123
12.2402
12.2697
12.2976
12.3271
12.3551
12.3847
12.4128
12.4425
12.4706
12.5004
12.5286
12.5584
12.5866
12.6165
12.6449
12.6732
12.7032
12.7316
12.7617
12.7902
12.8203
12.8489
12.879
12.9077
12.9379
12.9666
12.9953
13.0257
13.0545
13.0849
13.1138
13.1443
13.1732
13.2038
13.2327
13.2634
13.2924
13.3231
13.3522
13.3814
13.4122
13.4414
13.4723
13.5016
13.5423
13.5733
13.6043
13.6337
13.6648
13.6943
13.7238
13.755
13.7846
13.8159
13.8455
13.8769
13.9066
13.938
13.9678
13.9992
14.0291
14.059
14.0905
14.1205
14.1521
14.1821
14.2138
14.2439
14.2757
14.3058
14.3377
14.3679
14.3998
14.4301
14.4621
14.4924
14.5228
14.5549
14.5853
14.6174
14.6479
14.6802
14.7107
14.743
14.7737
14.806
14.8367
14.8692
14.8999
14.9324
14.9632
14.9941
15.0267
15.0576
15.0903
15.1213
15.154
15.1851
15.2179
15.249
15.2819
15.3131
15.346
15.3773
15.4103
15.4416
15.473
15.5061
15.5375
15.5707
15.6022
15.6354
15.667
15.7003
15.7319
15.7653
15.797
15.8287
15.8622
15.894
15.9275
15.9594
15.993
16.0249
16.0586
16.0906
16.1244
16.1564
16.1902
16.2223
16.2563
16.2884
16.3224
16.3546
16.3869
16.421
16.4533
16.4874
16.5198
16.5541
16.5865
16.6208
16.6533
16.6877
16.7203
16.7547
16.7892
16.8219
16.8546
16.8891
16.9219
16.9566
16.9894
17.0241
17.057
17.0918
17.1248
17.1596
17.1927
17.2276
17.2607
17.2938
17.3289
17.3621
17.3971
17.4304
17.4656
17.4989
17.5341
17.5675
17.6028
17.6363
17.6717
17.7052
17.7406
17.7742
17.8097
17.8434
17.8771
17.9127
17.9464
17.9821
18.0159
18.0517
18.0856
18.1214
18.1553
18.1912
18.2252
18.2612
18.2953
18.3294
18.3654
18.3996
18.4357
18.47
18.5062
18.5405
18.5767
18.6111
18.6474
18.6819
18.7183
18.7528
18.7873
18.8238
18.8584
18.895
18.9297
18.9663
19.001
19.0377
19.0726
19.1093
19.1442
19.181
19.216
19.2529
19.2879
19.3249
19.3599
19.395
19.4321
19.4673
19.5044
19.5396
19.5769
19.6122
19.6494
19.6848
19.7222
19.7576
19.795
19.8305
19.866
19.9035
19.9391
19.9767
20.0124
20.05
20.0858
20.1235
20.1593
20.1971
20.2329
20.2708
20.3067
20.3447
20.3806
20.4167
20.4547
20.4928
20.5289
20.565
20.6032
20.6394
20.6777
20.7139
20.7523
20.7886
20.827
20.8634
20.9018
20.9383
20.9768
21.0134
21.0499
21.0886
21.1252
21.1639
21.2006
21.2394
21.2761
21.315
21.3518
21.3907
21.4276
21.4666
21.5035
21.5405
21.5796
21.6166
21.6558
21.6929
21.7321
21.7693
21.8086
21.8458
21.8852
21.9225
21.9619
21.9993
22.0367
22.0762
22.1137
22.1533
22.1909
22.2305
22.2681
22.3079
22.3455
22.3853
22.4231
22.4608
22.5007
22.5386
22.5786
22.6165
22.6565
22.6945
22.7346
22.7726
22.8128
22.8509
22.889
22.9293
22.9675
23.0078
23.0461
23.0865
23.1248
23.1653
23.2037
23.2443
23.2827
23.3234
23.3619
23.4004
23.4412
23.4798
23.5206
23.57
23.6087
23.6496
23.6884
23.7273
23.7683
23.8072
23.8482
23.8872
23.9283
23.9674
24.0086
24.0477
24.0889
24.1281
24.1694
24.2087
24.2501
24.2894
24.3309
24.3702
24.4096
24.4512
24.4906
24.5323
24.5718
24.6135
24.6531
24.6949
24.7345
24.7764
24.8161
24.8581
24.8978
24.9376
24.9797
25.0195
25.0616
25.1016
25.1438
25.1838
25.226
25.2661
25.3084
25.3485
25.3909
25.4311
25.4713
25.5138
25.5541
25.5967
25.637
25.6796
25.7201
25.7628
25.8032
25.846
25.8866
25.9271
25.97
26.0107
26.0536
26.0943
26.1373
26.1781
26.2212
26.262
26.3052
26.3461
26.3893
26.4303
26.4713
26.5146
26.5557
26.599
26.6402
26.6836
26.7248
26.7684
26.8096
26.8532
26.8946
26.9382
26.9796
27.0234
27.0648
27.1086
27.1501
27.1917
27.2356
27.2772
27.3212
27.3629
27.4069
27.4487
27.4928
27.5346
27.5788
27.6207
27.6649
27.7069
27.7489
27.7932
27.8353
27.8797
27.9218
27.9663
28.0085
28.053
28.0953
28.1399
28.1822
28.2269
28.2693
28.3117
28.3565
28.4013
28.4438
28.4887
28.5313
28.5763
28.6189
28.664
28.7067
28.7518
28.7945
28.8397
28.8825
28.9278
28.9707
29.016
29.059
29.1044
29.1474
29.1928
29.2359
29.2815
29.3246
29.3678
29.4134
29.4567
29.5024
29.5457
29.5915
29.6349
29.6807
29.7241
29.77
29.8136
29.8595
29.9031
29.9492
29.9928
30.0389
30.0826
30.1264
30.1726
30.2164
30.2627
30.3065
30.3529
30.3968
30.4433
30.4873
30.5337
30.5778
30.6244
30.6685
30.7151
30.7593
30.806
30.8503
30.8971
30.9414
30.9882
31.0326
31.0771
31.124
31.1685
31.2155
31.2601
31.3071
31.3518
31.3989
31.4436
31.4908
31.5356
31.5828
31.6277
31.675
31.7199
31.7648
31.8123
31.8573
31.9048
31.9498
31.9974
32.0425
32.0902
32.1354
32.1831
32.2283
32.2761
32.3214
32.3693
32.4147
32.4626
32.5081
32.5561
32.6016
32.6471
32.6952
32.7408
32.789
32.8347
32.8829
32.9312
32.977
33.0253
33.0711
33.117
33.1655
33.2114
33.2599
33.3059
33.3545
33.4005
33.4492
33.4953
33.5441
33.5903
33.639
33.6853
33.7316
33.7805
33.8268
33.8758
33.9222
33.9713
34.0178
34.0669
34.1134
34.1626
34.2092
34.2584
34.3051
34.3544
34.4012
34.4506
34.4974
34.5468
34.5937
34.6432
34.6902
34.7371
34.7868
34.8338
34.8835
34.9306
34.9804
35.0275
35.0774
35.1246
35.1745
35.2218
35.2717
35.3191
35.3692
35.4166
35.464
35.5142
35.5617
35.6119
35.6595
35.7098
35.7574
35.8078
35.8555
35.9059
35.9537
36.0042
36.0521
36.1026
36.1505
36.2012
36.2491
36.3078
36.3586
36.4067
36.4575
36.5056
36.5565
36.6047
36.6556
36.7039
36.7549
36.8033
36.8544
36.9028
36.9539
37.0024
37.0509
37.1022
37.1507
37.2021
37.2507
37.3021
37.3508
37.4022
37.451
37.5025
37.5514
37.6003
37.6519
37.7008
37.7525
37.8042
37.8533
37.9051
37.9542
38.006
38.0552
38.1071
38.1564
38.2084
38.2577
38.3098
38.3591
38.4113
38.4607
38.5129
38.5624
38.6147
38.6642
38.7138
38.7662
38.8159
38.8683
38.918
38.9706
39.0204
39.0729
39.1228
39.1755
39.2254
39.2781
39.3281
39.3809
39.4309
39.4838
39.5339
39.5841
39.637
39.6872
39.7403
39.7906
39.8437
39.894
39.9472
39.9976
40.0508
40.1013
40.1546
40.2052
40.2585
40.3091
40.3626
40.4133
40.4668
40.5175
40.5683
40.6219
40.6727
40.7264
40.7773
40.8311
40.882
40.9359
40.9869
41.0408
41.0919
41.1459
41.197
41.251
41.3023
41.3564
41.4077
41.459
41.5132
41.5646
41.6189
41.6703
41.7247
41.7762
41.8306
41.8822
41.9367
41.9883
42.0429
42.0946
42.1492
42.201
42.2557
42.3075
42.3594
42.4142
42.4661
42.521
42.573
42.6279
42.68
42.735
42.7871
42.8422
42.8944
42.9495
43.0018
43.057
43.1093
43.1646
43.217
43.2723
43.3248
43.3773
43.4327
43.4853
43.5408
43.5934
43.649
43.7017
43.7574
43.8101
43.8659
43.9187
43.9745
44.0274
44.0832
44.1362
44.1892
44.2451
44.2982
44.3542
44.4073
44.4634
44.5166
44.5728
44.626
44.6823
44.7356
44.7919
44.8452
44.9016
44.9551
45.0115
45.065
45.1186
45.1751
45.2287
45.2853
45.339
45.3957
45.4494
45.5062
45.56
45.6168
45.6707
45.7276
45.7815
45.8384
45.8924
45.9495
46.0035
46.0576
46.1148
46.1689
46.2261
46.2803
46.3376
46.3919
46.4492
46.5036
46.561
46.6154
46.6729
46.7274
46.7849
46.8395
46.8941
46.9517
47.0064
47.0641
47.1188
47.1766
47.2314
47.2892
47.3441
47.402
47.4569
47.5149
47.5699
47.6279
47.683
47.7411
47.7962
47.8514
47.9096
47.9648
48.0231
48.0784
48.1367
48.1921
48.2505
48.3059
48.3644
48.4199
48.4785
48.534
48.5926
48.6482
48.707
48.7626
48.8214
48.8771
48.936
48.9918
49.0507
49.1065
49.1655
49.2215
49.2774
49.3365
49.3925
49.4517
49.5078
49.567
49.6232
49.6825
49.7387
49.7981
49.8543
49.9138
49.9701
50.0296
50.086
50.1456
50.2021
50.2586
50.3183
50.3749
50.4346
50.4912
50.5511
50.6078
50.6676
50.7244
50.7844
50.8412
50.9012
50.9581
51.0151
51.0752
51.1322
51.1924
51.2494
51.3097
51.3668
51.4272
51.4844
51.5448
51.602
51.6625
51.7198
51.7804
51.8378
51.8952
51.9558
52.0165
52.074
52.1316
52.1924
52.25
52.3108
52.3685
52.4294
52.4872
52.5482
52.606
52.667
52.7249
52.786
52.844
52.902
52.9632
53.0212
53.0825
53.1406
53.202
53.2602
53.3216
53.3798
53.4414
53.4997
53.5612
53.6196
53.6812
53.7397
53.7981
53.8599
53.9184
53.9802
54.0388
54.1007
54.1594
54.2213
54.28
54.3421
54.4009
54.4629
54.5218
54.584
54.6429
54.7051
54.7641
54.8264
54.8854
54.9445
55.0069
55.0661
55.1286
55.1878
55.2503
55.3096
55.3722
55.4315
55.4942
55.5536
55.6164
55.6758
55.7387
55.7982
55.8578
55.9207
55.9803
56.0433
56.103
56.1661
56.2258
56.289
56.3488
56.412
56.4719
56.5352
56.5951
56.6551
56.7185
56.7785
56.842
56.9021
56.9656
57.0258
57.0894
57.1496
57.2133
57.2736
57.3373
57.3977
57.4615
57.5219
57.5858
57.6463
57.7068
57.7708
57.8314
57.8954
57.9561
58.0202
58.0809
58.1451
58.2059
58.2701
58.331
58.3953
58.4562
58.5172
58.5816
58.6427
58.7071
58.7682
58.8328
58.8939
58.9585
59.0198
59.0844
59.1457
59.2105
59.2719
59.3333
59.3981
59.4596
59.5245
59.586
59.651
59.7126
59.7776
59.8393
59.9044
59.9661
60.0313
60.0931
60.1549
60.2202
60.2821
60.3475
60.4094
60.4749
60.5369
60.6024
60.6645
60.73
60.7922
60.8578
60.92
60.9857
61.048
61.1138
61.1761
61.2385
61.3044
61.3668
61.4328
61.4953
61.5613
61.6239
61.69
61.7526
61.8187
61.8814
61.9442
62.0104
62.0767
62.1396
62.2024
62.2688
62.3318
62.3982
62.4612
62.5277
62.5908
62.6574
62.7205
62.7872
62.8504
62.9171
62.9804
63.0437
63.1105
63.1739
63.2408
63.3042
63.3712
63.4347
63.5017
63.5653
63.6324
63.696
63.7632
63.8269
63.8906
63.9579
64.0216
64.089
64.1528
64.2203
64.2842
64.3517
64.4157
64.4832
64.5473
64.6149
64.679
64.7467
64.8109
64.8751
64.9429
65.0071
65.075
65.1393
65.2073
65.2717
65.3397
65.4042
65.4722
65.5368
65.6049
65.6695
65.7341
65.8024
65.8671
65.9354
66.0002
66.0686
66.1334
66.2018
66.2667
66.3353
66.4002
66.4688
66.5338
66.6025
66.6676
66.7327
66.8015
66.8666
