0
0
4.7652e-06
1.90608e-05
4.13952e-05
7.425e-05
0.000114167
0.000165581
0.00022308
0.000293053
0.000368135
0.00045177
0.000549331
0.000650549
0.000766669
0.000885469
0.00102015
0.00115653
0.00130977
0.00146373
0.00163553
0.00180708
0.00199744
0.00218657
0.00238425
0.0026022
0.00281746
0.00305397
0.00328681
0.00354188
0.00379231
0.00406593
0.00433394
0.00462612
0.00491172
0.00520587
0.00552564
0.00583737
0.0061757
0.00650501
0.0068619
0.0072088
0.00758424
0.00794872
0.00834273
0.00872479
0.00913736
0.009537
0.00996813
0.0103854
0.0108111
0.0112698
0.0117132
0.0121905
0.0126514
0.0131473
0.0136258
0.0141402
0.0146363
0.0151692
0.0156829
0.0162344
0.0167657
0.0173055
0.0178846
0.018442
0.0190397
0.0196147
0.0202309
0.0208235
0.0214583
0.0220684
0.0227217
0.0233495
0.0239858
0.0246667
0.0253206
0.0260201
0.0266915
0.0274095
0.0280986
0.0288352
0.0295418
0.030297
0.0310212
0.0317949
0.0325367
0.033329
0.0340883
0.0348992
0.0356761
0.0364616
0.0373
0.0381031
0.0389601
0.0397808
0.0406563
0.0414946
0.0423887
0.0432445
0.0441572
0.0450306
0.0459618
0.0468528
0.0478026
0.0487112
0.0496283
0.0506057
0.0515404
0.0525363
0.0534886
0.0545031
0.055473
0.056506
0.0574935
0.0585451
0.0595502
0.0606203
0.061643
0.0626741
0.0637719
0.0648207
0.065937
0.0670033
0.0681382
0.0692221
0.0703755
0.0714771
0.0726491
0.0737681
0.0749587
0.0760954
0.0773045
0.0784587
0.0796216
0.0808583
0.0820386
0.0832939
0.0844919
0.0857657
0.0869813
0.0882736
0.0895068
0.0908177
0.0920684
0.0933979
0.0946662
0.0959431
0.0973002
0.0985946
0.0999703
0.101282
0.102676
0.104006
0.105419
0.106766
0.108197
0.109562
0.110935
0.112394
0.113785
0.115263
0.116671
0.118167
0.119593
0.121108
0.122552
0.124085
0.125546
0.127098
0.128576
0.130147
0.131643
0.133148
0.134746
0.136268
0.137885
0.139425
0.14106
0.142618
0.144271
0.145846
0.147519
0.149111
0.150802
0.152413
0.154032
0.15575
0.157386
0.159123
0.160777
0.162533
0.164204
0.165978
0.167668
0.16946
0.171167
0.172978
0.174703
0.176532
0.178274
0.180025
0.181882
0.183749
0.185526
0.187411
0.189206
0.19111
0.192922
0.194845
0.196675
0.198616
0.200463
0.202423
0.204288
0.206162
0.208149
0.21004
0.212046
0.213955
0.215979
0.217905
0.219948
0.221892
0.223953
0.225915
0.227995
0.229974
0.231962
0.234069
0.236075
0.238201
0.240224
0.242368
0.244409
0.246572
0.24863
0.250812
0.252887
0.255088
0.257181
0.2594
0.26151
0.26363
0.265876
0.268013
0.270278
0.272433
0.274716
0.276888
0.279191
0.28138
0.283701
0.285908
0.288247
0.290472
0.29283
0.295073
0.297449
0.299709
0.301978
0.304381
0.306668
0.30909
0.311394
0.313835
0.316156
0.318616
0.320955
0.323433
0.32579
0.328286
0.33066
0.333043
0.335567
0.337968
0.34051
0.342928
0.34549
0.347925
0.350505
0.352958
0.355557
0.358027
0.360644
0.363132
0.365768
0.368274
0.370928
0.373451
0.376124
0.378665
0.381214
0.383915
0.386482
0.389201
0.391785
0.394523
0.397125
0.399881
0.402501
0.405275
0.40806
0.410706
0.413509
0.416173
0.418994
0.421675
0.424365
0.427214
0.429922
0.432789
0.435515
0.438401
0.441143
0.444048
0.446808
0.449732
0.45251
0.455451
0.458247
0.461051
0.46402
0.466842
0.46983
0.472669
0.475675
0.478532
0.481557
0.484432
0.487475
0.490367
0.493429
0.496339
0.499419
0.502347
0.505282
0.508391
0.511344
0.514471
0.517442
0.520587
0.523575
0.526739
0.529745
0.532928
0.535951
0.539152
0.542194
0.545244
0.548472
0.55154
0.554787
0.557872
0.561137
0.56424
0.567524
0.570644
0.573947
0.577085
0.580406
0.583561
0.586725
0.590074
0.593256
0.596623
0.599822
0.603208
0.606425
0.60983
0.613064
0.616487
0.619739
0.62318
0.62645
0.62991
0.633197
0.636676
0.63998
0.643294
0.6468
0.650131
0.653656
0.657004
0.660547
0.663913
0.667475
0.670859
0.67444
0.677841
0.68144
0.684858
0.688476
0.691912
0.695357
0.699002
0.702465
0.706129
0.709609
0.713291
0.716789
0.72049
0.7242
0.727724
0.731453
0.734995
0.738743
0.742302
0.746068
0.749645
0.75343
0.757024
0.760828
0.76444
0.76806
0.771891
0.775529
0.779379
0.783035
0.786903
0.79078
0.794463
0.798359
0.802059
0.805767
0.809691
0.813417
0.817359
0.821103
0.825064
0.828825
0.832804
0.836583
0.840581
0.844378
0.848394
0.852208
0.856031
0.860075
0.863915
0.867978
0.871835
0.875917
0.879792
0.883892
0.887784
0.891903
0.895813
0.89995
0.903878
0.907815
0.911979
0.915933
0.920117
0.924088
0.92829
0.932279
0.936499
0.940506
0.944745
0.94877
0.953027
0.957069
0.961345
0.965404
0.969473
0.973776
0.977862
0.982184
0.986287
0.990628
0.994749
0.999108
1.00325
1.00762
1.01178
1.01618
1.02035
1.02477
1.02896
1.03339
1.0376
1.04182
1.04628
1.05051
1.05499
1.05924
1.06374
1.06801
1.07253
1.07682
1.08135
1.08566
1.09021
1.09453
1.09911
1.10345
1.1078
1.1124
1.11676
1.12138
1.12576
1.1304
1.13505
1.13946
1.14412
1.14855
1.15324
1.15768
1.16238
1.16685
1.17132
1.17605
1.18054
1.18529
1.1898
1.19456
1.19909
1.20387
1.20842
1.21322
1.21778
1.2226
1.22718
1.23202
1.23662
1.24148
1.24609
1.25097
1.2556
1.26049
1.26514
1.27006
1.27472
1.2794
1.28434
1.28903
1.29399
1.2987
1.30368
1.30841
1.31341
1.31815
1.32317
1.32793
1.33297
1.33775
1.3428
1.3476
1.35267
1.35749
1.36231
1.36741
1.37225
1.37737
1.38223
1.38737
1.39224
1.3974
1.40229
1.40747
1.41238
1.41757
1.4225
1.42744
1.43266
1.43761
1.44285
1.44783
1.45308
1.45807
1.46335
1.46836
1.47365
1.47868
1.48399
1.48903
1.49437
1.49943
1.5045
1.50986
1.51494
1.52032
1.52542
1.53082
1.53594
1.54136
1.5465
1.55193
1.55709
1.56254
1.56772
1.57319
1.57838
1.58358
1.58908
1.5943
1.59981
1.60505
1.61059
1.61584
1.62139
1.62696
1.63224
1.63782
1.64312
1.64872
1.65403
1.65936
1.66499
1.67033
1.67598
1.68133
1.68849
1.69387
1.69956
1.70495
1.71066
1.71607
1.7218
1.72723
1.73297
1.73842
1.74418
1.74965
1.75543
1.76091
1.76641
1.77221
1.77772
1.78355
1.78908
1.79492
1.80047
1.80633
1.81189
1.81777
1.82336
1.82895
1.83485
1.84046
1.84639
1.85201
1.85796
1.8636
1.86957
1.87523
1.88121
1.88689
1.89289
1.89858
1.90429
1.91032
1.91604
1.92208
1.92782
1.93389
1.93965
1.94573
1.9515
1.95761
1.9634
1.96952
1.97533
1.98115
1.9873
1.99313
1.9993
2.00515
2.01134
2.01721
2.02342
2.0293
2.03553
2.04143
2.04768
2.0536
2.05953
2.0658
2.07175
2.07804
2.08401
2.09031
2.0963
2.10262
2.10863
2.11497
2.12099
2.12735
2.13339
2.13943
2.14582
2.15189
2.1583
2.16438
2.17081
2.1769
2.18335
2.18947
2.19593
2.20206
2.20855
2.21504
2.2212
2.22771
2.23389
2.24042
2.24662
2.25282
2.25938
2.2656
2.27217
2.27841
2.28501
2.29126
2.29788
2.30415
2.31078
2.31708
2.32373
2.33003
2.3367
2.34303
2.34937
2.35606
2.36242
2.36913
2.3755
2.38224
2.38862
2.39538
2.40178
2.40855
2.41498
2.42141
2.42821
2.43501
2.44147
2.44794
2.45477
2.46126
2.46811
2.47462
2.48149
2.48801
2.4949
2.50144
2.50798
2.5149
2.52146
2.5284
2.53498
2.54194
2.54854
2.55551
2.56213
2.56912
2.57576
2.58277
2.58942
2.59608
2.60312
2.60979
2.61685
2.62355
2.63062
2.63734
2.64443
2.65116
2.65828
2.66502
2.67215
2.67892
2.68569
2.69285
2.69965
2.70682
2.71363
2.72083
2.72766
2.73487
2.74172
2.74895
2.75581
2.76306
2.76994
2.77683
2.78411
2.79102
2.79832
2.80524
2.81256
2.8195
2.82683
2.83379
2.84114
2.84812
2.85549
2.86249
2.86988
2.87689
2.88391
2.89133
2.89876
2.9058
2.91325
2.92031
2.92778
2.93486
2.94234
2.94944
2.95695
2.96406
2.97119
2.97872
2.98586
2.99341
3.00057
3.00814
3.01532
3.0229
3.0301
3.0377
3.04491
3.05254
3.05977
3.06741
3.07466
3.08191
3.08958
3.09686
3.10455
3.11184
3.11954
3.12685
3.13458
3.14191
3.14965
3.15699
3.16476
3.17212
3.17949
3.18728
3.19467
3.20248
3.20988
3.21771
3.22513
3.23298
3.24042
3.24828
3.25574
3.26362
3.2711
3.27858
3.28649
3.294
3.30193
3.30945
3.31739
3.32493
3.3329
3.34045
3.34844
3.35601
3.36401
3.3716
3.37962
3.38723
3.39527
3.4029
3.41053
3.4186
3.42625
3.43434
3.442
3.45011
3.4578
3.46592
3.47362
3.48177
3.48949
3.49722
3.50539
3.51314
3.52132
3.52909
3.5373
3.54508
3.5533
3.5611
3.56935
3.57717
3.58543
3.59326
3.60111
3.6094
3.61726
3.62557
3.63345
3.64441
3.65275
3.6611
3.66901
3.67738
3.68532
3.69326
3.70166
3.70962
3.71803
3.72601
3.73444
3.74244
3.75089
3.75891
3.76738
3.77541
3.78345
3.79195
3.8
3.80852
3.8166
3.82513
3.83322
3.84178
3.84989
3.85846
3.86659
3.87518
3.88332
3.89193
3.90009
3.90827
3.9169
3.92509
3.93375
3.94196
3.95063
3.95885
3.96754
3.97579
3.9845
3.99276
4.00149
4.00976
4.01851
4.02681
4.03511
4.04389
4.05221
4.061
4.06934
4.07815
4.08651
4.09534
4.10371
4.11256
4.12096
4.12982
4.13823
4.14712
4.15555
4.16398
4.17289
4.18135
4.19028
4.19875
4.2077
4.21619
4.22516
4.23367
4.24265
4.25118
4.25971
4.26873
4.27728
4.28631
4.29488
4.30393
4.31251
4.32159
4.33019
4.33928
4.3479
4.35701
4.36564
4.37477
4.38343
4.39257
4.40124
4.40993
4.4191
4.4278
4.43699
4.44571
4.45492
4.46365
4.47288
4.48163
4.49088
4.49965
4.50891
4.51819
4.52698
4.53579
4.54509
4.55391
4.56324
4.57208
4.58142
4.59027
4.59963
4.60851
4.61788
4.62678
4.63617
4.64508
4.654
4.66342
4.67236
4.6818
4.69075
4.70022
4.70919
4.71867
4.72765
4.73715
4.74616
4.75567
4.7647
4.77423
4.78327
4.79283
4.80189
4.81095
4.82054
4.82962
4.83922
4.84832
4.85794
4.86706
4.8767
4.88584
4.89549
4.90465
4.91432
4.92349
4.93268
4.94238
4.95158
4.9613
4.97051
4.98025
4.98949
4.99924
5.0085
5.01827
5.02754
5.03733
5.04662
5.05592
5.06574
5.07505
5.08489
5.09422
5.10408
5.11343
5.12331
5.13267
5.14257
5.15195
5.16187
5.17127
5.1812
5.19062
5.20057
5.21001
5.21945
5.22943
5.2389
5.24889
5.25837
5.26839
5.27789
5.28792
5.29744
5.30749
5.31702
5.3271
5.33665
5.34621
5.35631
5.36588
5.376
5.38559
5.39573
5.40534
5.4155
5.42513
5.4353
5.44495
5.45514
5.46481
5.47502
5.4847
5.49439
5.50463
5.51488
5.52459
5.53432
5.54459
5.55434
5.56463
5.57439
5.58471
5.59448
5.60482
5.61461
5.62496
5.63478
5.64514
5.65498
5.66482
5.67521
5.68507
5.69548
5.70536
5.71579
5.72568
5.73614
5.74605
5.75652
5.76644
5.77693
5.78688
5.79683
5.80735
5.81732
5.82785
5.83784
5.8484
5.8584
5.86898
5.879
5.88959
5.89963
5.91024
5.9203
5.93037
5.94101
5.95109
5.96175
5.97185
5.98252
5.99264
6.00334
6.01348
6.02419
6.03434
6.04451
6.05525
6.06543
6.07618
6.08638
6.09716
6.10738
6.11817
6.12841
6.13922
6.14947
6.15973
6.17057
6.18085
6.19171
6.20201
6.21288
6.2232
6.23409
6.24442
6.25534
6.26569
6.27662
6.28699
6.29736
6.30832
6.31872
6.3297
6.343
6.35342
6.36443
6.37487
6.38532
6.39635
6.40682
6.41787
6.42836
6.43943
6.44993
6.46102
6.47154
6.48265
6.49319
6.50432
6.51487
6.52602
6.53659
6.54775
6.55834
6.56894
6.58013
6.59075
6.60196
6.61259
6.62382
6.63447
6.64572
6.65639
6.66766
6.67834
6.68963
6.70033
6.71104
6.72236
6.73309
6.74442
6.75516
6.76652
6.77728
6.78865
6.79943
6.81082
6.82162
6.83303
6.84384
6.85467
6.8661
6.87694
6.8884
6.89926
6.91073
6.92161
6.9331
6.94399
6.9555
6.96642
6.97734
6.98887
6.99981
7.01137
7.02232
7.0339
7.04487
7.05646
7.06746
7.07907
7.09008
7.10171
7.11273
7.12377
7.13542
7.14648
7.15815
7.16922
7.18092
7.19201
7.20372
7.21482
7.22656
7.23768
7.24943
7.26057
7.27234
7.2835
7.29528
7.30646
7.31764
7.32946
7.34066
7.3525
7.36371
7.37557
7.3868
7.39867
7.40993
7.42182
7.43309
7.445
7.45629
7.46759
7.47952
7.49084
7.50279
7.51412
7.5261
7.53745
7.54944
7.56081
7.57282
7.5842
7.59623
7.60764
7.61905
7.6311
7.64317
7.65461
7.66669
7.67815
7.69025
7.70173
7.71385
7.72534
7.73748
7.74899
7.76114
7.77267
7.78485
7.79639
7.80859
7.82015
7.83236
7.84394
7.85618
7.86777
7.88002
7.89164
7.90326
7.91554
7.92718
7.93948
7.95114
7.96345
7.97513
7.98746
7.99916
8.01151
8.02322
8.03559
8.04732
8.05971
8.07146
8.08386
8.09563
8.1074
8.11984
8.13163
8.14408
8.15589
8.16836
8.18019
8.19268
8.20452
8.21703
8.22889
8.24142
8.2533
8.26585
8.27774
8.29031
8.30222
8.31481
8.32674
8.33934
8.35129
8.36325
8.37588
8.38785
8.4005
8.41249
8.42516
8.43717
8.44986
8.46188
8.47459
8.48663
8.49936
8.51142
8.52416
8.53624
8.54833
8.5611
8.5732
8.58599
8.59812
8.61092
8.62306
8.63589
8.64805
8.66089
8.67307
8.68593
8.69813
8.71101
8.72322
8.73612
8.74835
8.76126
8.77351
8.78577
8.79871
8.81099
8.82395
8.83624
8.84922
8.86221
8.87453
8.88754
8.89988
8.91222
8.92526
8.93762
8.95068
8.96306
8.97613
8.98853
9.00162
9.01403
9.02715
9.03958
9.05271
9.06516
9.07762
9.09077
9.10325
9.11643
9.12892
9.14212
9.15463
9.16784
9.18037
9.1936
9.20615
9.2194
9.23196
9.24523
9.25781
9.2711
9.2837
9.297
9.30962
9.32295
9.33558
9.34822
9.36157
9.37423
9.38761
9.40028
9.41367
9.42637
9.43978
9.45249
9.46592
9.47865
9.49209
9.50484
9.5183
9.53107
9.54384
9.55733
9.57013
9.58364
9.59644
9.60997
9.6228
9.63635
9.64919
9.66276
9.67562
9.6892
9.70208
9.71569
9.72858
9.74221
9.75512
9.77092
9.78457
9.79751
9.81118
9.82414
9.83783
9.85081
9.86451
9.87751
9.89123
9.90425
9.91799
9.93102
9.94478
9.95783
9.97089
9.98468
9.99775
10.0116
10.0247
10.0385
10.0516
10.0654
10.0786
10.0924
10.1056
10.1187
10.1326
10.1458
10.1597
10.1736
10.1868
10.2008
10.214
10.2279
10.2412
10.2551
10.2684
10.2824
10.2956
10.3097
10.3229
10.337
10.3503
10.3643
10.3776
10.3917
10.4051
10.4184
10.4325
10.4459
10.46
10.4734
10.4875
10.5009
10.515
10.5285
10.5426
10.5561
10.5703
10.5837
10.5979
10.6114
10.6256
10.6391
10.6526
10.6668
10.6804
10.6946
10.7082
10.7225
10.736
10.7503
10.7639
10.7782
10.7918
10.8061
10.8197
10.8341
10.8477
10.8621
10.8757
10.8901
10.9038
10.9175
10.9319
10.9456
10.96
10.9737
10.9882
11.0019
11.0164
11.0301
11.0446
11.0584
11.0729
11.0867
11.1012
11.115
11.1295
11.1433
11.1572
11.1717
11.1856
11.2002
11.214
11.2287
11.2425
11.2572
11.271
11.2857
11.2996
11.3143
11.3282
11.3429
11.3568
11.3716
11.3855
11.3995
11.4142
11.4282
11.443
11.4569
11.4717
11.4857
11.5005
11.5146
11.5294
11.5434
11.5583
11.5723
11.5872
11.6013
11.6162
11.6303
11.6452
11.6593
11.6734
11.6883
11.7025
11.7174
11.7316
11.7465
11.7607
11.7757
11.7899
11.8049
11.8191
11.8341
11.8483
11.8634
11.8776
11.8919
11.9069
11.9212
11.9363
11.9506
11.9657
11.98
11.9951
12.0094
12.0246
12.0389
12.0541
12.0684
12.0836
12.098
12.1132
12.1276
12.142
12.1572
12.1716
12.1869
12.2013
12.2166
12.231
12.2463
12.2608
12.2761
12.2906
12.3059
12.3204
12.3357
12.3503
12.3656
12.3802
12.3947
12.4101
12.4247
12.4401
12.4546
12.4701
12.4847
12.5001
12.5147
12.5302
12.5448
12.5603
12.575
12.5904
12.6051
12.6198
12.6353
12.65
12.6656
12.6803
12.6958
12.7106
12.7262
12.7409
12.7565
12.7713
12.7869
12.8017
12.8173
12.8321
12.8478
12.8626
12.8774
12.8931
12.908
12.9236
12.9385
12.9542
12.9691
12.9848
12.9998
13.0155
13.0304
13.0462
13.0611
13.0769
13.0919
13.1077
13.1227
13.1385
13.1535
13.1693
13.1843
13.2002
13.2152
13.2311
13.2461
13.2612
13.2771
13.2922
13.3081
13.3232
13.3391
13.3542
13.3702
13.3853
13.4013
13.4165
13.4325
13.4476
13.4636
13.4788
13.4948
13.51
13.5252
13.5413
13.5565
13.5726
13.5879
13.604
13.6192
13.6353
13.6506
13.6667
13.682
13.6982
13.7135
13.7288
13.745
13.7603
13.7765
13.7919
13.8081
13.8235
13.8397
13.8551
13.8714
13.8868
13.9031
13.9185
13.9348
13.9502
13.9657
13.982
13.9983
14.0138
14.0293
14.0457
14.0612
14.0775
14.0931
14.1094
14.125
14.1414
14.157
14.1734
14.189
14.2054
14.221
14.2366
14.2531
14.2687
14.2852
14.3008
14.3174
14.333
14.3495
14.3652
14.3818
14.3975
14.414
14.4297
14.4463
14.4621
14.4778
14.4944
14.5102
14.5268
14.5426
14.5592
14.575
14.5917
14.6075
14.6242
14.64
14.6567
14.6725
14.6893
14.7051
14.7219
14.7377
14.7545
14.7704
14.7863
14.8031
14.819
14.8358
14.8518
14.8686
14.8845
14.9014
14.9174
14.9342
14.9502
14.9671
14.9831
15
15.016
15.0321
15.049
15.065
15.082
15.0981
15.115
15.1311
15.1481
15.1642
15.1812
15.1973
15.2144
15.2305
15.2466
15.2637
15.2799
15.2969
15.3131
15.3302
15.3464
15.3635
15.3797
15.3968
15.4131
15.4302
15.4465
15.4636
15.4799
15.4971
15.5134
15.5297
15.5469
15.5632
15.5804
15.5967
15.614
15.6303
15.6476
15.664
15.6813
15.6976
15.7149
15.7313
15.7478
15.7651
15.7815
15.7989
15.8153
15.8327
15.8491
15.8665
15.883
15.9004
15.9169
15.9343
15.9508
15.9674
15.9848
16.0014
16.0188
16.0354
16.0529
16.0694
16.0869
16.1035
16.1211
16.1377
16.1552
16.1718
16.1885
16.2061
16.2227
16.2403
16.257
16.2746
16.2913
16.3089
16.3256
16.3432
16.36
16.3776
16.3944
16.4121
16.4288
16.4465
16.4633
16.4801
16.4978
16.5146
16.5324
16.5492
16.567
16.5838
16.6016
16.6184
16.6362
16.6531
16.67
16.6878
16.7057
16.7226
16.7395
16.7574
16.7743
16.7922
16.8091
16.827
16.844
16.8619
16.8789
16.8969
16.9139
16.9318
16.9489
16.9659
16.9839
17.0009
17.0189
17.036
17.054
17.0711
17.0891
17.1062
17.1243
17.1414
17.1595
17.1766
17.1938
17.2119
17.2291
17.2472
17.2644
17.2825
17.2997
17.3179
17.3351
17.3533
17.3705
17.3887
17.406
17.4242
17.4415
17.4587
17.477
17.4943
17.5125
17.5299
17.5481
17.5655
17.5838
17.6011
17.6194
17.6368
17.6551
17.6725
17.6899
17.7083
17.7257
17.7441
17.7615
17.7799
17.7974
17.8158
17.8332
17.8517
17.8692
17.8876
17.9051
17.9236
17.9411
17.9586
17.9771
17.9947
