0
0
0.0018639
0.0037278
0.0054936
0.0073575
0.0091233
0.0109872
0.012753
0.0146169
0.0163827
0.0181485
0.0200124
0.0217782
0.0236421
0.0254079
0.0272718
0.0290376
0.0309015
0.0326673
0.0345312
0.036297
0.0381609
0.0399267
0.0416925
0.0435564
0.0453222
0.0471861
0.0489519
0.0508158
0.0525816
0.0544455
0.0562113
0.0580752
0.059841
0.0616068
0.0634707
0.0652365
0.0671004
0.0688662
0.0707301
0.0724959
0.0743598
0.0761256
0.0779895
0.0797553
0.0816192
0.083385
0.0852489
0.0870147
0.0887805
0.0906444
0.0924102
0.0942741
0.0960399
0.0979038
0.0996696
0.101533
0.103299
0.105163
0.106929
0.108793
0.110559
0.112324
0.114188
0.115954
0.117818
0.119584
0.121448
0.123214
0.125077
0.126843
0.128707
0.130473
0.132239
0.134103
0.135869
0.137732
0.139498
0.141362
0.143128
0.144992
0.146758
0.148622
0.150387
0.152251
0.154017
0.155881
0.157647
0.159511
0.161276
0.163042
0.164906
0.166672
0.168536
0.170302
0.172166
0.173931
0.175795
0.177561
0.179425
0.181191
0.183055
0.18482
0.186684
0.18845
0.190216
0.19208
0.193846
0.19571
0.197475
0.199339
0.201105
0.202969
0.204735
0.206599
0.208364
0.210228
0.211994
0.21376
0.215624
0.21739
0.219254
0.221019
0.222883
0.224649
0.226513
0.228279
0.230143
0.231908
0.233772
0.235538
0.237402
0.239168
0.240934
0.242798
0.244563
0.246427
0.248193
0.250057
0.251823
0.253687
0.255452
0.257316
0.259082
0.260946
0.262712
0.264478
0.266342
0.268107
0.269971
0.271737
0.273601
0.275367
0.277231
0.278996
0.28086
0.282626
0.284392
0.286256
0.288022
0.289886
0.291651
0.293515
0.295281
0.297145
0.298911
0.300775
0.30254
0.304404
0.30617
0.308034
0.3098
0.311566
0.31343
0.315195
0.317059
0.318825
0.320689
0.322455
0.324319
0.326084
0.327948
0.329714
0.331578
0.333344
0.33511
0.336974
0.338739
0.340603
0.342369
0.344233
0.345999
0.347863
0.349628
0.351492
0.353258
0.355122
0.356888
0.358752
0.360518
0.362283
0.364147
0.366011
0.367777
0.369641
0.371407
0.373271
0.375036
0.3769
0.378666
0.38053
0.382296
0.38416
0.385925
0.387691
0.389555
0.391321
0.393185
0.394951
0.396815
0.39858
0.400444
0.40221
0.404074
0.40584
0.407704
0.409469
0.411235
0.413099
0.414865
0.416729
0.418495
0.420359
0.422124
0.423988
0.425754
0.427618
0.429384
0.431248
0.433013
0.434877
0.436643
0.438409
0.440273
0.442039
0.443903
0.445668
0.447532
0.449298
0.451162
0.452928
0.454792
0.456557
0.458421
0.460187
0.462051
0.463817
0.465681
0.467447
0.469212
0.471076
0.472842
0.474706
0.476472
0.478336
0.480101
0.481965
0.483731
0.485595
0.487361
0.489225
0.490991
0.492756
0.49462
0.496386
0.49825
0.500016
0.50188
0.503645
0.505509
0.507275
0.509139
0.510905
0.512769
0.514535
0.516398
0.518164
0.520028
0.521794
0.523658
0.525424
0.527189
0.529053
0.530819
0.532683
0.534449
0.536313
0.538079
0.539942
0.541708
0.543572
0.545436
0.547202
0.549066
0.550832
0.552695
0.554461
0.556227
0.558091
0.559857
0.561721
0.563486
0.56535
0.567116
0.56898
0.570746
0.57261
0.574376
0.576239
0.578005
0.579771
0.581635
0.583401
0.585265
0.58703
0.588894
0.59066
0.592524
0.59429
0.596154
0.59792
0.599783
0.601549
0.603413
0.605179
0.606945
0.608809
0.610574
0.612438
0.614204
0.616068
0.617834
0.619698
0.621464
0.623327
0.625093
0.626957
0.628723
0.630489
0.632353
0.634118
0.635982
0.637748
0.639612
0.641378
0.643242
0.645008
0.646871
0.648637
0.650501
0.652267
0.654033
0.655897
0.657662
0.659526
0.661292
0.663156
0.664922
0.666786
0.668551
0.670415
0.672181
0.674045
0.675811
0.677675
0.679441
0.681304
0.68307
0.684836
0.6867
0.688466
0.69033
0.692095
0.693959
0.695725
0.697589
0.699355
0.701219
0.702985
0.704848
0.706614
0.708478
0.710244
0.71201
0.713874
0.715639
0.717503
0.719269
0.721133
0.722899
0.724763
0.726627
0.728392
0.730256
0.732022
0.733886
0.735652
0.737516
0.739282
0.741145
0.742911
0.744775
0.746541
0.748307
0.750171
0.751936
0.7538
0.755566
0.75743
0.759294
0.76106
0.762924
0.764689
0.766455
0.768319
0.770085
0.771949
0.773715
0.775579
0.777344
0.779208
0.780974
0.782838
0.784604
0.786468
0.788233
0.789999
0.791863
0.793629
0.795493
0.797259
0.799123
0.800888
0.802752
0.804518
0.806382
0.808148
0.810012
0.811777
0.813543
0.815407
0.817173
0.819037
0.820803
0.822667
0.824432
0.826296
0.828062
0.829926
0.831692
0.833556
0.835321
0.837185
0.838951
0.840717
0.842581
0.844347
0.846211
0.847976
0.84984
0.851606
0.85347
0.855236
0.8571
0.858865
0.860729
0.862495
0.864359
0.866125
0.867989
0.869755
0.87152
0.873384
0.87515
0.877014
0.87878
0.880644
0.882409
0.884273
0.886039
0.887903
0.889669
0.891533
0.893299
0.895162
0.896928
0.898694
0.900558
0.902324
0.904188
0.905953
0.907817
0.909681
0.911447
0.913311
0.915077
0.916941
0.918706
0.92057
0.922336
0.924102
0.925966
0.927732
0.929596
0.931361
0.933225
0.934991
0.936855
0.938621
0.940485
0.94225
0.944114
0.94588
0.947744
0.94951
0.951374
0.95314
0.955003
0.956769
0.958633
0.960399
0.962263
0.964029
0.965794
0.967658
0.969424
0.971288
0.973054
0.974918
0.976684
0.978547
0.980313
0.982177
0.983943
0.985807
0.987573
0.989437
0.991202
0.993066
0.994832
0.996598
0.998462
1.00023
1.00209
1.00386
1.00572
1.00749
1.00935
1.01112
1.01298
1.01475
1.01661
1.01838
1.02014
1.02201
1.02377
1.02564
1.0274
1.02927
1.03103
1.03289
1.03466
1.03652
1.03829
1.04015
1.04192
1.04378
1.04555
1.04732
1.04918
1.05095
1.05281
1.05457
1.05644
1.0582
1.06007
1.06183
1.0637
1.06546
1.06733
1.06909
1.07096
1.07272
1.07449
1.07635
1.07812
1.07998
1.08175
1.08361
1.08538
1.08724
1.08911
1.09087
1.09274
1.0945
1.09637
1.09813
1.0999
1.10176
1.10353
1.10539
1.10716
1.10951
1.11128
1.11314
1.11491
1.11677
1.11854
1.1204
1.12217
1.12403
1.1258
1.12766
1.12943
1.13129
1.13305
1.13482
1.13668
1.13845
1.14031
1.14208
1.14394
1.14571
1.14757
1.14934
1.1512
1.15297
1.15474
1.1566
1.15836
1.16023
1.16199
1.16386
1.16562
1.16749
1.16925
1.17112
1.17288
1.17475
1.17651
1.17828
1.18014
1.18191
1.18377
1.18554
1.1874
1.18917
1.19103
1.1928
1.19466
1.19643
1.19829
1.20006
1.20182
1.20369
1.20545
1.20732
1.20908
1.21095
1.21271
1.21458
1.21634
1.21821
1.21997
1.22184
1.2236
1.22537
1.22723
1.229
1.23086
1.23263
1.23449
1.23626
1.23812
1.23989
1.24175
1.24352
1.24538
1.24715
1.24891
1.25077
1.25254
1.2544
1.25617
1.25803
1.2598
1.26166
1.26343
1.26529
1.26706
1.26892
1.27079
1.27255
1.27442
1.27618
1.27805
1.27981
1.28158
1.28344
1.28521
1.28707
1.28884
1.2907
1.29247
1.29433
1.2961
1.29796
1.29973
1.30159
1.30336
1.30522
1.30699
1.30875
1.31062
1.31238
1.31425
1.31601
1.31788
1.31964
1.32151
1.32327
1.32513
1.3269
1.32867
1.33053
1.33239
1.33416
1.33593
1.33779
1.33956
1.34142
1.34319
1.34505
1.34681
1.34868
1.35044
1.35221
1.35407
1.35584
1.3577
1.35947
1.36133
1.3631
1.36496
1.36673
1.36859
1.37036
1.37222
1.37399
1.37575
1.37762
1.37938
1.38125
1.38301
1.38488
1.38664
1.38851
1.39027
1.39214
1.3939
1.39577
1.39753
1.3993
1.40116
1.40293
1.40479
1.40656
1.40842
1.41019
1.41205
1.41382
1.41568
1.41745
1.41931
1.42108
1.42284
1.42471
1.42647
1.42834
1.4301
1.43197
1.43373
1.4356
1.43736
1.43923
1.44099
1.44285
1.44462
1.44648
1.44825
1.45002
1.45188
1.45374
1.45551
1.45737
1.45914
1.461
1.46277
1.46463
1.4664
1.46826
1.47003
1.47179
1.47366
1.47542
1.47729
1.47905
1.48092
1.48268
1.48455
1.48631
1.48818
1.48994
1.49181
1.49357
1.49544
1.4972
1.49897
1.50083
1.5026
1.50446
1.50623
1.50809
1.50986
1.51172
1.51349
1.51535
1.51712
1.51898
1.52075
1.52251
1.52438
1.52614
1.52801
1.52977
1.53164
1.5334
1.53526
1.53703
1.53889
1.54066
1.54252
1.54429
1.54606
1.54792
1.54969
1.55155
1.55332
1.55518
1.55695
1.55881
1.56057
1.56244
1.5642
1.56607
1.56783
1.5697
1.57146
1.57333
1.57509
1.57686
1.57872
1.58049
1.58235
1.58412
1.58598
1.58775
1.58961
1.59138
1.59324
1.59501
1.59677
1.59864
1.6004
1.60227
1.60403
1.6059
1.60766
1.60953
1.61129
1.61316
1.61492
1.61679
1.61855
1.62032
1.62218
1.62395
1.62581
1.62758
1.63003
1.63189
1.63376
1.63552
1.63739
1.63915
1.64092
1.64278
1.64455
1.64641
1.64818
1.65004
1.65181
1.65367
1.65544
1.6573
1.65907
1.66083
1.6627
1.66446
1.66633
1.66809
1.66996
1.67172
1.67359
1.67535
1.67722
1.67898
1.68085
1.68261
1.68448
1.68624
1.68801
1.68987
1.69164
1.6935
1.69527
1.69713
1.6989
1.70076
1.70253
1.70439
1.70616
1.70802
1.70978
1.71165
1.71341
1.71518
1.71704
1.71881
1.72067
1.72244
1.7243
1.72607
1.72793
1.7297
1.73156
1.73333
1.73519
1.73696
1.73882
1.74059
1.74235
1.74422
1.74598
1.74785
1.74961
1.75148
1.75324
1.75511
1.75687
1.75874
1.7605
1.76227
1.76413
1.7659
1.76776
1.76953
1.77139
1.77316
1.77502
1.77679
1.77865
1.78042
1.78228
1.78405
1.78591
1.78768
1.78954
1.79131
1.79307
1.79494
1.7967
1.79857
1.80033
1.8022
1.80396
1.80582
1.80759
1.80945
1.81122
1.81308
1.81495
1.81671
1.81848
1.82034
1.82211
1.82397
1.82574
1.8276
1.82937
1.83123
1.833
1.83486
1.83663
1.83849
1.84026
1.84202
1.84389
1.84565
1.84752
1.84928
1.85115
1.85291
1.85478
1.85654
1.85841
1.86017
1.86204
1.8638
1.86567
1.86743
1.8693
1.87106
1.87283
1.87469
1.87646
1.87832
1.88009
1.88195
1.88372
1.88558
1.88735
1.88921
1.89098
1.89284
1.89461
1.89637
1.89823
1.9
1.90186
1.90363
1.90549
1.90726
1.90912
1.91089
1.91275
1.91452
1.91638
1.91815
1.91992
1.92178
1.92354
1.92541
1.92717
1.92904
1.9308
1.93267
1.93443
1.9363
1.93806
1.93993
1.94169
1.94356
1.94532
1.94719
1.94895
1.95072
1.95258
1.95435
1.95621
1.95798
1.95984
1.96161
1.96347
1.96524
1.9671
1.96887
1.97073
1.9725
1.97426
1.97613
1.97789
1.97976
1.98152
1.98339
1.98515
1.98702
1.98878
1.99065
1.99241
1.99427
1.99604
1.9979
1.99967
2.00144
2.0033
2.00516
2.00693
2.0087
2.01056
2.01233
2.01419
2.01595
2.01782
2.01958
2.02145
2.02321
2.02508
2.02684
2.02871
2.03047
2.03224
2.0341
2.03587
2.03773
2.0395
2.04136
2.04313
2.04499
2.04676
2.04862
2.05039
2.05225
2.05402
2.05578
2.05765
2.05941
2.06128
2.06304
2.06491
2.06667
2.06854
2.0703
2.07217
2.07393
2.0758
2.07756
2.07933
2.08119
2.08296
2.08482
2.08659
2.08845
2.09022
2.09208
2.09385
2.09571
2.09748
2.09924
2.10111
2.10287
2.10474
2.1065
2.10837
2.11013
2.11199
2.11376
2.11562
2.11739
2.11916
2.12102
2.12279
2.12465
2.12642
2.12828
2.13005
2.13191
2.13368
2.13554
2.1373
2.13917
2.14093
2.1427
2.14456
2.14633
2.14819
2.15045
2.15222
2.15408
2.15585
2.15761
2.15948
2.16124
2.16311
2.16487
2.16673
2.1685
2.17036
2.17213
2.17399
2.17576
2.17762
2.17939
2.18125
2.18302
2.18488
2.18665
2.18841
2.19028
2.19204
2.19391
2.19567
2.19754
2.1993
2.20117
2.20293
2.2048
2.20656
2.20843
2.21019
2.21196
2.21382
2.21559
2.21745
2.21922
2.22108
2.22285
2.22471
2.22648
2.22834
2.23011
2.23197
2.23374
2.2355
2.23737
2.23913
2.241
2.24276
2.24463
2.24639
2.24826
2.25002
2.25189
2.25365
2.25542
2.25728
2.25905
2.26091
2.26268
2.26454
2.26631
2.26817
2.26994
2.2718
2.27357
2.27543
2.2772
2.27896
2.28083
2.28259
2.28445
2.28622
2.28808
2.28985
2.29171
2.29348
2.29534
2.29711
2.29897
2.30074
2.3026
2.30437
2.30623
2.308
2.30976
2.31163
2.31339
2.31526
2.31702
2.31889
2.32065
2.32252
2.32428
2.32615
2.32791
2.32978
2.33154
2.33331
2.33517
2.33694
2.3388
2.34057
2.34243
2.3442
2.34606
2.34783
2.34969
2.35146
2.35332
2.35509
2.35685
2.35872
2.36058
2.36235
2.36421
2.36598
2.36784
2.36961
2.37147
2.37324
2.3751
2.37686
2.37873
2.38049
2.38236
2.38412
2.38599
2.38775
2.38962
2.39138
2.39325
2.39501
2.39688
2.39864
2.40041
2.40227
2.40404
2.4059
2.40767
2.40953
2.4113
2.41316
2.41493
2.41679
2.41856
2.42042
2.42219
2.42405
2.42582
2.42768
2.42945
2.43121
2.43308
2.43484
2.43671
2.43847
2.44034
2.4421
2.44397
2.44573
2.4476
2.44936
2.45122
2.45299
2.45485
2.45662
2.45848
2.46025
2.46211
2.46388
2.46574
2.46751
2.46928
2.47114
2.4729
2.47477
2.47653
2.4784
2.48016
2.48203
2.48379
2.48566
2.48742
2.48929
2.49105
2.49292
2.49468
2.49645
2.49831
2.50008
2.50194
2.50371
2.50557
2.50734
2.5092
2.51097
2.51283
2.5146
2.51646
2.51823
2.52009
2.52186
2.52372
2.52549
2.52735
2.52912
2.53088
2.53275
2.53451
2.53638
2.53814
2.54001
2.54187
2.54363
2.5455
2.54726
2.54903
2.55089
2.55266
2.55452
2.55629
2.55815
2.55992
2.56178
2.56355
2.56541
2.56718
2.56904
2.57081
2.57257
2.57444
2.5762
2.57807
2.57983
2.5817
2.58346
2.58533
2.58709
2.58896
2.59072
2.59259
2.59435
2.59622
2.59798
2.59985
2.60161
2.60348
2.60524
2.60711
2.60887
2.61064
2.6125
2.61427
2.61613
2.6179
2.61976
2.62153
2.62339
2.62516
2.62702
2.62879
2.63065
2.63242
2.63428
2.63605
2.63781
2.63967
2.64144
2.6433
2.64507
2.64693
2.6487
2.65056
2.65233
2.65419
2.65596
2.65782
2.65959
2.66145
2.66322
2.66508
2.66685
2.66901
2.67087
2.67264
2.6745
2.67627
2.67813
2.6799
2.68176
2.68353
2.68539
2.68716
2.68902
2.69078
2.69265
2.69441
2.69618
2.69804
2.69981
2.70167
2.70344
2.7053
2.70707
2.70893
2.7107
2.71256
2.71433
2.71609
2.71796
2.71972
2.72159
2.72345
2.72522
2.72708
2.72885
2.73071
2.73248
2.73434
2.73611
2.73797
2.73974
2.7416
2.74337
2.74523
2.747
2.74886
2.75063
2.75249
2.75426
2.75602
2.75789
2.75965
2.76152
2.76328
2.76514
2.76691
2.76877
2.77054
2.7724
2.77417
2.77603
2.7778
2.77966
2.78143
2.78329
2.78506
2.78682
2.78869
2.79045
2.79232
2.79408
2.79595
2.79771
2.79958
2.80134
2.80321
2.80497
2.80684
2.8086
2.81047
2.81223
2.8141
2.81586
2.81773
2.81949
2.82126
2.82312
2.82489
2.82675
2.82852
2.83038
2.83215
2.83401
2.83578
2.83764
2.83941
2.84127
2.84304
2.8449
2.84667
2.84853
2.8503
2.85206
2.85393
2.85569
2.85755
2.85932
2.86118
2.86295
2.86481
2.86658
2.86844
2.87021
2.87207
2.87384
2.8757
2.87747
2.87933
2.8811
2.88286
2.88473
2.88649
2.88836
2.89012
2.89199
2.89375
2.89562
2.89738
2.89925
2.90101
2.90288
2.90464
2.90651
2.90827
2.91014
2.9119
2.91377
2.91553
2.9173
2.91916
2.92093
2.92279
2.92456
2.92642
2.92819
2.93005
2.93182
2.93368
2.93545
2.93731
2.93908
2.94094
2.94271
2.94447
2.94634
2.9481
2.94997
2.95173
2.95359
2.95536
2.95722
2.95899
2.96085
2.96262
2.96448
2.96625
2.96811
2.96988
2.97174
2.97351
2.97527
2.97714
2.9789
2.98077
2.98253
2.9844
2.98616
2.98803
2.98979
2.99166
2.99342
2.99529
2.99705
2.99892
3.00068
3.00255
3.00431
3.00608
3.00794
3.00971
3.01157
3.01334
3.0152
3.01697
3.01883
3.0206
3.02246
3.02423
3.02609
3.02786
3.02972
3.03149
3.03325
3.03512
3.03688
3.03875
3.04051
3.04238
3.04414
3.04601
3.04777
3.04963
3.0514
3.05326
3.05503
3.05689
3.05866
3.06052
3.06229
3.06406
3.06592
3.06769
3.06955
3.07131
3.07318
3.07494
3.07681
3.07857
3.08044
3.0822
3.08407
3.08583
3.0877
3.08946
3.09133
3.09309
3.09496
3.09672
3.09859
3.10035
3.10222
3.10398
3.10585
3.10761
3.10938
3.11124
3.11301
3.11487
3.11664
3.1185
3.12027
3.12213
3.1239
3.12576
3.12753
3.12939
3.13116
3.13302
3.13479
3.13665
3.13842
3.14018
3.14204
3.14381
3.14567
3.14744
3.1493
3.15107
3.15293
3.1547
3.15656
3.15833
3.16019
3.16196
3.16373
3.16559
3.16735
3.16922
3.17098
3.17285
3.17461
3.17648
3.17824
3.18011
3.18187
3.18374
3.1855
3.18737
3.18913
3.1909
3.19276
3.19463
3.19639
3.19816
3.20002
3.20179
3.20365
3.20542
3.20728
3.20905
3.21091
3.21268
3.21454
3.21631
3.21817
3.21994
3.2217
3.22357
3.22533
3.2272
3.22896
3.23083
3.23259
3.23446
3.23622
3.23808
3.23985
3.24171
3.24348
3.24534
3.24711
3.24888
3.25074
3.25251
3.25437
3.25614
3.258
3.25976
3.26163
3.26339
3.26526
3.26702
3.26889
3.27065
3.27252
3.27428
3.27615
3.27791
3.27978
3.28154
3.28331
3.28517
3.28694
3.2888
3.29057
3.29243
3.2942
3.29606
3.29783
3.29969
3.30146
3.30332
3.30509
3.30695
3.30872
3.31048
3.31235
3.31411
3.31598
3.31774
3.31961
3.32137
3.32324
3.325
3.32687
3.32863
3.3305
3.33226
3.33403
3.33589
3.33766
3.33952
3.34129
3.34315
3.34492
3.34678
3.34855
3.35041
3.35218
3.35404
3.3558
3.35767
3.35943
3.3613
3.36306
3.36483
3.36669
3.36846
3.37032
3.37209
3.37395
3.37572
3.37758
3.37935
3.38121
3.38298
3.38484
3.38661
3.38837
3.39024
3.392
3.39387
3.39563
3.3975
3.39926
3.40113
3.40289
3.40476
3.40652
3.40839
3.41015
3.41192
3.41378
3.41555
3.41741
3.41918
3.42104
3.42281
3.42467
3.42644
3.4283
3.43007
3.43193
3.4337
3.43546
3.43733
3.43909
3.44096
3.44272
3.44459
3.44635
3.44822
3.44998
3.45184
3.45361
3.45547
3.45724
3.4591
3.46087
3.46273
3.4645
3.46627
3.46813
3.4699
3.47176
3.47352
3.47539
3.47715
3.47902
3.48078
3.48265
3.48441
3.48618
3.48804
3.48991
3.49167
3.49344
3.4953
3.49707
3.49893
3.5007
3.50256
3.50433
3.50619
3.50796
3.50982
3.51159
3.51345
3.51522
3.51698
3.51885
3.52061
3.52248
3.52424
3.52611
3.52787
3.52974
3.5315
3.53337
3.53513
3.537
3.53876
3.54053
3.54239
3.54416
3.54602
3.54779
3.54965
3.55142
3.55328
3.55505
3.55691
3.55868
3.56054
3.56231
3.56417
3.56594
3.5677
3.56956
3.57133
3.57319
3.57496
3.57682
3.57859
3.58045
3.58222
3.58408
3.58585
3.58771
3.58948
3.59124
3.59311
3.59487
3.59674
3.5985
3.60037
3.60213
3.604
3.60576
3.60763
3.60939
3.61126
3.61302
3.61489
3.61665
3.61842
3.62028
3.62205
