0
0
0.0005016
0.0010032
0.0014784
0.00198
0.0024552
0.0029568
0.003432
0.0039336
0.0044088
0.004884
0.0053856
0.0058608
0.0063624
0.0068376
0.0073392
0.0078144
0.008316
0.0087912
0.0092928
0.009768
0.0102696
0.0107448
0.01122
0.0117216
0.0121968
0.0126984
0.0131736
0.0136752
0.0141504
0.014652
0.0151272
0.0156288
0.016104
0.0165792
0.0170808
0.017556
0.0180576
0.0185328
0.0190344
0.0195096
0.0200112
0.0204864
0.020988
0.0214632
0.0219648
0.02244
0.0229416
0.0234168
0.023892
0.0243936
0.0248688
0.0253704
0.0258456
0.0263472
0.0268224
0.027324
0.0277992
0.0283008
0.028776
0.0292776
0.0297528
0.030228
0.0307296
0.0312048
0.0317064
0.0321816
0.0326832
0.0331584
0.03366
0.0341352
0.0346368
0.035112
0.0355872
0.0360888
0.036564
0.0370656
0.0375408
0.0380424
0.0385176
0.0390192
0.0394944
0.039996
0.0404712
0.0409728
0.041448
0.0419496
0.0424248
0.0429264
0.0434016
0.0438768
0.0443784
0.0448536
0.0453552
0.0458304
0.046332
0.0468072
0.0473088
0.047784
0.0482856
0.0487608
0.0492624
0.0497376
0.0502392
0.0507144
0.0511896
0.0516912
0.0521664
0.052668
0.0531432
0.0536448
0.05412
0.0546216
0.0550968
0.0555984
0.0560736
0.0565752
0.0570504
0.0575256
0.0580272
0.0585024
0.059004
0.0594792
0.0599808
0.060456
0.0609576
0.0614328
0.0619344
0.0624096
0.0629112
0.0633864
0.063888
0.0643632
0.0648384
0.06534
0.0658152
0.0663168
0.066792
0.0672936
0.0677688
0.0682704
0.0687456
0.0692472
0.0697224
0.070224
0.0706992
0.0711744
0.071676
0.0721512
0.0726528
0.073128
0.0736296
0.0741048
0.0746064
0.0750816
0.0755832
0.0760584
0.0765336
0.0770352
0.0775104
0.078012
0.0784872
0.0789888
0.079464
0.0799656
0.0804408
0.0809424
0.0814176
0.0819192
0.0823944
0.082896
0.0833712
0.0838464
0.084348
0.0848232
0.0853248
0.0858
0.0863016
0.0867768
0.0872784
0.0877536
0.0882552
0.0887304
0.089232
0.0897072
0.0901824
0.090684
0.0911592
0.0916608
0.092136
0.0926376
0.0931128
0.0936144
0.0940896
0.0945912
0.0950664
0.095568
0.0960432
0.0965448
0.09702
0.0974952
0.0979968
0.0984984
0.0989736
0.0994752
0.0999504
0.100452
0.100927
0.101429
0.101904
0.102406
0.102881
0.103382
0.103858
0.104333
0.104834
0.10531
0.105811
0.106286
0.106788
0.107263
0.107765
0.10824
0.108742
0.109217
0.109718
0.110194
0.110669
0.11117
0.111646
0.112147
0.112622
0.113124
0.113599
0.114101
0.114576
0.115078
0.115553
0.116054
0.11653
0.117031
0.117506
0.117982
0.118483
0.118958
0.11946
0.119935
0.120437
0.120912
0.121414
0.121889
0.12239
0.122866
0.123367
0.123842
0.124344
0.124819
0.125321
0.125796
0.126271
0.126773
0.127248
0.12775
0.128225
0.128726
0.129202
0.129703
0.130178
0.13068
0.131155
0.131657
0.132132
0.132607
0.133109
0.133584
0.134086
0.134561
0.135062
0.135538
0.136039
0.136514
0.137016
0.137491
0.137993
0.138468
0.13897
0.139445
0.139946
0.140422
0.140923
0.141398
0.141874
0.142375
0.14285
0.143352
0.143827
0.144329
0.144804
0.145306
0.145781
0.146282
0.146784
0.147259
0.147761
0.148236
0.148738
0.149213
0.149688
0.15019
0.150665
0.151166
0.151642
0.152143
0.152618
0.15312
0.153595
0.154097
0.154572
0.155074
0.155549
0.156024
0.156526
0.157001
0.157502
0.157978
0.158479
0.158954
0.159456
0.159931
0.160433
0.160908
0.16141
0.161885
0.162386
0.162862
0.163337
0.163838
0.164314
0.164815
0.16529
0.165792
0.166267
0.166769
0.167244
0.167746
0.168221
0.168722
0.169198
0.169673
0.170174
0.17065
0.171151
0.171626
0.172128
0.172603
0.173105
0.17358
0.174082
0.174557
0.175058
0.175534
0.176009
0.17651
0.176986
0.177487
0.177962
0.178464
0.178939
0.179441
0.179916
0.180418
0.180893
0.181394
0.18187
0.182371
0.182846
0.183348
0.183823
0.184298
0.1848
0.185275
0.185777
0.186252
0.186754
0.187229
0.18773
0.188206
0.188707
0.189182
0.189684
0.190159
0.190661
0.191136
0.191611
0.192113
0.192588
0.19309
0.193565
0.194066
0.194542
0.195043
0.195545
0.19602
0.196522
0.196997
0.197498
0.197974
0.198475
0.19895
0.199452
0.199927
0.200429
0.200904
0.201379
0.201881
0.202356
0.202858
0.203333
0.203834
0.204336
0.204811
0.205313
0.205788
0.206263
0.206765
0.20724
0.207742
0.208217
0.208718
0.209194
0.209695
0.21017
0.210672
0.211147
0.211649
0.212124
0.212599
0.213101
0.213576
0.214078
0.214553
0.215054
0.21553
0.216031
0.216506
0.217008
0.217483
0.217985
0.21846
0.218935
0.219437
0.219912
0.220414
0.220889
0.22139
0.221866
0.222367
0.222842
0.223344
0.223819
0.224321
0.224796
0.225298
0.225773
0.226248
0.22675
0.227225
0.227726
0.228202
0.228703
0.229178
0.22968
0.230155
0.230657
0.231132
0.231634
0.232109
0.23261
0.233086
0.233587
0.234062
0.234538
0.235039
0.235514
0.236016
0.236491
0.236993
0.237468
0.23797
0.238445
0.238946
0.239422
0.239923
0.240398
0.2409
0.241375
0.24185
0.242352
0.242827
0.243329
0.243804
0.244306
0.244807
0.245282
0.245784
0.246259
0.246761
0.247236
0.247738
0.248213
0.248688
0.24919
0.249665
0.250166
0.250642
0.251143
0.251618
0.25212
0.252595
0.253097
0.253572
0.254074
0.254549
0.25505
0.255526
0.256027
0.256502
0.257004
0.257479
0.257981
0.258456
0.258958
0.259433
0.259908
0.26041
0.260885
0.261386
0.261862
0.262363
0.262838
0.26334
0.263815
0.264317
0.264792
0.265294
0.265769
0.26627
0.266746
0.267247
0.267722
0.268198
0.268699
0.269174
0.269676
0.270151
0.270653
0.271128
0.27163
0.272105
0.272606
0.273082
0.273583
0.274058
0.274534
0.275035
0.27551
0.276012
0.276487
0.276989
0.277464
0.277966
0.278441
0.278942
0.279418
0.279919
0.280394
0.280896
0.281371
0.281846
0.282348
0.282823
0.283325
0.2838
0.284302
0.284777
0.285278
0.285754
0.286255
0.28673
0.287232
0.287707
0.288209
0.288684
0.289159
0.289661
0.290136
0.290638
0.291113
0.291614
0.29209
0.292591
0.293093
0.293568
0.29407
0.294545
0.295046
0.295522
0.295997
0.296498
0.296974
0.297475
0.29795
0.298584
0.299059
0.299561
0.300036
0.300538
0.301013
0.301514
0.30199
0.302491
0.302966
0.303468
0.303943
0.304445
0.30492
0.305395
0.305897
0.306372
0.306874
0.307349
0.30785
0.308326
0.308827
0.309302
0.309804
0.310279
0.310754
0.311256
0.311731
0.312233
0.312708
0.31321
0.313685
0.314186
0.314662
0.315163
0.315638
0.31614
0.316615
0.31709
0.317592
0.318067
0.318569
0.319044
0.319546
0.320021
0.320522
0.320998
0.321499
0.321974
0.322476
0.322951
0.323426
0.323928
0.324403
0.324905
0.32538
0.325882
0.326357
0.326858
0.327334
0.327835
0.32831
0.328812
0.329287
0.329762
0.330264
0.330739
0.331241
0.331716
0.332218
0.332693
0.333194
0.33367
0.334171
0.334646
0.335148
0.335623
0.336098
0.3366
0.337075
0.337577
0.338052
0.338554
0.339029
0.33953
0.340006
0.340507
0.340982
0.341484
0.341986
0.342461
0.342962
0.343438
0.343939
0.344414
0.34489
0.345391
0.345866
0.346368
0.346843
0.347345
0.34782
0.348322
0.348797
0.349298
0.349774
0.350275
0.35075
0.351252
0.351727
0.352202
0.352704
0.353179
0.353681
0.354156
0.354658
0.355133
0.355634
0.35611
0.356611
0.357086
0.357562
0.358063
0.358565
0.35904
0.359515
0.360017
0.360492
0.360994
0.361469
0.36197
0.362446
0.362947
0.363422
0.363898
0.364399
0.364874
0.365376
0.365851
0.366353
0.366828
0.36733
0.367805
0.368306
0.368782
0.369283
0.369758
0.370234
0.370735
0.37121
0.371712
0.372187
0.372689
0.373164
0.373666
0.374141
0.374642
0.375118
0.375619
0.376094
0.37657
0.377071
0.377546
0.378048
0.378523
0.379025
0.3795
0.380002
0.380477
0.380978
0.381454
0.381955
0.38243
0.382906
0.383407
0.383882
0.384384
0.384859
0.385361
0.385836
0.386338
0.386813
0.387314
0.38779
0.388291
0.388766
0.389268
0.389743
0.390218
0.39072
0.391222
0.391697
0.392198
0.392674
0.393175
0.39365
0.394152
0.394627
0.395129
0.395604
0.396079
0.396581
0.397056
0.397558
0.398033
0.398534
0.39901
0.399511
0.399986
0.400488
0.400963
0.401465
0.40194
0.402442
0.402917
0.403392
0.403894
0.404369
0.40487
0.405346
0.405847
0.406322
0.406824
0.407299
0.407801
0.408276
0.408778
0.409253
0.409728
0.41023
0.410705
0.411206
0.411682
0.412183
0.412658
0.41316
0.413635
0.414137
0.414612
0.415114
0.415589
0.416064
0.416566
0.417041
0.417542
0.418018
0.418519
0.418994
0.419496
0.419971
0.420473
0.420948
0.42145
0.421925
0.422426
0.422902
0.423403
0.423878
0.424354
0.424855
0.42533
0.425832
0.426307
0.426809
0.427284
0.427786
0.428261
0.428762
0.429238
0.429713
0.430214
0.43069
0.431191
0.431666
0.432168
0.432643
0.433145
0.43362
0.434122
0.434597
0.435098
0.435574
0.436049
0.43655
0.437026
0.437527
0.438002
0.438662
0.439164
0.439666
0.440141
0.440642
0.441118
0.441593
0.442094
0.44257
0.443071
0.443546
0.444048
0.444523
0.445025
0.4455
0.446002
0.446477
0.446952
0.447454
0.447929
0.44843
0.448906
0.449407
0.449882
0.450384
0.450859
0.451361
0.451836
0.452338
0.452813
0.453314
0.45379
0.454265
0.454766
0.455242
0.455743
0.456218
0.45672
0.457195
0.457697
0.458172
0.458674
0.459149
0.45965
0.460126
0.460627
0.461102
0.461578
0.462079
0.462554
0.463056
0.463531
0.464033
0.464508
0.46501
0.465485
0.465986
0.466462
0.466963
0.467438
0.46794
0.468415
0.46889
0.469392
0.469867
0.470369
0.470844
0.471346
0.471821
0.472322
0.472798
0.473299
0.473774
0.47425
0.474751
0.475226
0.475728
0.476203
0.476705
0.47718
0.477682
0.478157
0.478658
0.479134
0.479635
0.48011
0.480612
0.481087
0.481589
0.482064
0.482539
0.483041
0.483516
0.484018
0.484493
0.484994
0.48547
0.485971
0.486446
0.486948
0.487423
0.487925
0.488426
0.488902
0.489377
0.489878
0.490354
0.490855
0.49133
0.491832
0.492307
0.492809
0.493284
0.493786
0.494261
0.494762
0.495238
0.495713
0.496214
0.49669
0.497191
0.497666
0.498168
0.498643
0.499145
0.49962
0.500122
0.500597
0.501098
0.501574
0.502075
0.50255
0.503052
0.503527
0.504002
0.504504
0.504979
0.505481
0.505956
0.506458
0.506933
0.507434
0.50791
0.508411
0.508886
0.509388
0.509863
0.510338
0.51084
0.511315
0.511817
0.512292
0.512794
0.513269
0.51377
0.514246
0.514747
0.515222
0.515724
0.516199
0.516674
0.517176
0.517651
0.518153
0.518628
0.51913
0.519605
0.520106
0.520582
0.521083
0.521558
0.52206
0.522535
0.523037
0.523512
0.524014
0.524489
0.524964
0.525466
0.525941
0.526442
0.526918
0.527419
0.527894
0.528396
0.528871
0.529373
0.529848
0.53035
0.530825
0.5313
0.531802
0.532277
0.532778
0.533254
0.533755
0.53423
0.534732
0.535207
0.535709
0.536184
0.536686
0.537161
0.537662
0.538138
0.538613
0.539114
0.539616
0.540091
0.540566
0.541068
0.541543
0.542045
0.54252
0.543022
0.543497
0.543998
0.544474
0.544975
0.54545
0.545952
0.546427
0.546902
0.547404
0.547879
0.548381
0.548856
0.549358
0.549833
0.550334
0.55081
0.551311
0.551786
0.552288
0.552763
0.553238
0.55374
0.554215
0.554717
0.555192
0.555694
0.556169
0.55667
0.557146
0.557647
0.558122
0.558624
0.559099
0.559574
0.560076
0.560551
0.561053
0.561528
0.56203
0.562505
0.563006
0.563482
0.563983
0.564458
0.564934
0.565435
0.56591
0.566412
0.566887
0.567389
0.567864
0.568366
0.568841
0.569342
0.569818
0.570293
0.570794
0.57127
0.571771
0.572246
0.572748
0.573223
0.573725
0.5742
0.574702
0.575177
0.575678
0.576154
0.576629
0.57713
0.577606
0.578107
0.578714
0.57919
0.579691
0.580166
0.580642
0.581143
0.581618
0.58212
0.582595
0.583097
0.583572
0.584074
0.584549
0.58505
0.585526
0.586027
0.586502
0.587004
0.587479
0.587981
0.588456
0.588931
0.589433
0.589908
0.59041
0.590885
0.591386
0.591862
0.592363
0.592838
0.59334
0.593815
0.594317
0.594792
0.595267
0.595769
0.596244
0.596746
0.597221
0.597722
0.598198
0.598699
0.599174
0.599676
0.600151
0.600653
0.601128
0.601603
0.602105
0.60258
0.603082
0.603557
0.604058
0.604534
0.605035
0.60551
0.606012
0.606487
0.606962
0.607464
0.607939
0.608441
0.608916
0.609418
0.609893
0.610394
0.61087
0.611371
0.611846
0.612348
0.612823
0.613298
0.6138
0.614275
0.614777
0.615252
0.615754
0.616229
0.61673
0.617206
0.617707
0.618182
0.618684
0.619159
0.619661
0.620136
0.620638
0.621113
0.621588
0.62209
0.622565
0.623066
0.623542
0.624043
0.624518
0.62502
0.625495
0.625997
0.626472
0.626974
0.627449
0.627924
0.628426
0.628901
0.629402
0.629878
0.630379
0.630854
0.631356
0.631831
0.632333
0.632808
0.63331
0.633785
0.63426
0.634762
0.635263
0.635738
0.63624
0.636715
0.637217
0.637692
0.638194
0.638669
0.63917
0.639646
0.640147
0.640622
0.641124
0.641599
0.642101
0.642576
0.643078
0.643553
0.644054
0.64453
0.645031
0.645506
0.645982
0.646483
0.646958
0.64746
0.647935
0.648437
0.648912
0.649414
0.649889
0.65039
0.650866
0.651367
0.651842
0.652344
0.652819
0.653321
0.653796
0.654271
0.654773
0.655248
0.65575
0.656225
0.656726
0.657202
0.657703
0.658178
0.65868
0.659155
0.659657
0.660132
0.660634
0.661109
0.66161
0.662086
0.662587
0.663062
0.663564
0.664039
0.664514
0.665016
0.665491
0.665993
0.666468
0.66697
0.667445
0.667946
0.668422
0.668923
0.669398
0.6699
0.670375
0.670877
0.671352
0.671827
0.672329
0.672804
0.673306
0.673781
0.674282
0.674758
0.675259
0.675734
0.676236
0.676711
0.677213
0.677688
0.67819
0.678665
0.679166
0.679642
0.680143
0.680618
0.681094
0.681595
0.68207
0.682572
0.683047
0.683549
0.68405
0.684526
0.685027
0.685502
0.685978
0.686479
0.686954
0.687456
0.687931
0.688433
0.688908
0.68941
0.689885
0.690386
0.690862
0.691363
0.691838
0.692314
0.692815
0.69329
0.693792
0.694267
0.694769
0.695244
0.695746
0.696221
0.696722
0.697198
0.697699
0.698174
0.698676
0.699151
0.699653
0.700128
0.70063
0.701105
0.701606
0.702082
0.702557
0.703058
0.703534
0.704035
0.70451
0.705012
0.705487
0.705989
0.706464
0.706966
0.707441
0.707942
0.708418
0.708919
0.709394
0.70987
0.710371
0.710846
0.711348
0.711823
0.712325
0.7128
0.713302
0.713777
0.714278
0.714754
0.715255
0.71573
0.716232
0.716707
0.717209
0.717684
0.718265
0.718766
0.719242
0.719743
0.720218
0.72072
0.721195
0.721697
0.722172
0.722674
0.723149
0.72365
0.724126
0.724627
0.725102
0.725578
0.726079
0.726554
0.727056
0.727531
0.728033
0.728508
0.72901
0.729485
0.729986
0.730462
0.730937
0.731438
0.731914
0.732415
0.732917
0.733392
0.733894
0.734369
0.73487
0.735346
0.735847
0.736322
0.736824
0.737299
0.737801
0.738276
0.738778
0.739253
0.739754
0.74023
0.740731
0.741206
0.741682
0.742183
0.742658
0.74316
0.743635
0.744137
0.744612
0.745114
0.745589
0.74609
0.746566
0.747067
0.747542
0.748044
0.748519
0.749021
0.749496
0.749971
0.750473
0.750948
0.75145
0.751925
0.752426
0.752902
0.753403
0.753878
0.75438
0.754855
0.755357
0.755832
0.756334
0.756809
0.75731
0.757786
0.758287
0.758762
0.759238
0.759739
0.760214
0.760716
0.761191
0.761693
0.762168
0.76267
0.763145
0.763646
0.764122
0.764623
0.765098
0.7656
0.766075
0.766577
0.767052
0.767527
0.768029
0.768504
0.769006
0.769481
0.769982
0.770458
0.770959
0.771434
0.771936
0.772411
0.772913
0.773388
0.77389
0.774365
0.774866
0.775342
0.775817
0.776318
0.776794
0.777295
0.77777
0.778272
0.778747
0.779249
0.779724
0.780226
0.780701
0.781202
0.781678
0.782179
0.782654
0.783156
0.783631
0.784133
0.784608
0.785083
0.785585
0.78606
0.786562
0.787037
0.787538
0.788014
0.788515
0.78899
0.789492
0.789967
0.790469
0.790944
0.791446
0.791921
0.792396
0.792898
0.793373
0.793874
0.79435
0.794851
0.795326
0.795828
0.796303
0.796805
0.79728
0.797782
0.798257
0.798758
0.799234
0.799735
0.80021
0.800686
0.801187
0.801662
0.802164
0.802639
0.803141
0.803616
0.804118
0.804593
0.805094
0.80557
0.806071
0.806546
0.807048
0.807523
0.808025
0.8085
0.808975
0.809477
0.809952
0.810454
0.810929
0.81143
0.811906
0.812407
0.812882
0.813384
0.813859
0.814361
0.814836
0.815338
0.815813
0.816288
0.81679
0.817265
0.817766
0.818242
0.818743
0.819218
0.81972
0.820195
0.820697
0.821172
0.821674
0.822149
0.82265
0.823126
0.823627
0.824102
0.824578
0.825079
0.825554
0.826056
0.826531
0.827033
0.827508
0.82801
0.828485
0.828986
0.829462
0.829963
0.830438
0.83094
0.831415
0.831917
0.832392
0.832894
0.833369
0.83387
0.834346
0.834847
0.835322
0.835824
0.836299
0.836774
0.837276
0.837751
0.838253
0.838728
0.83923
0.839705
0.840206
0.840682
0.841183
0.841658
0.84216
0.842635
0.843137
0.843612
0.844114
0.844589
0.845064
0.845566
0.846041
0.846542
0.847018
0.847519
0.847994
0.848496
0.848971
0.849473
0.849948
0.85045
0.850925
0.8514
0.851902
0.852377
0.852878
0.853354
0.853855
0.85433
0.854832
0.855307
0.855809
0.856284
0.856786
0.857261
0.857762
0.858238
0.858713
0.859214
0.859716
0.860191
0.860666
0.861168
0.861643
0.862145
0.86262
0.863122
0.863597
0.864098
0.864574
0.865075
0.86555
0.866052
0.866527
0.867002
0.867504
0.867979
0.868481
0.868956
0.869458
0.869933
0.870434
0.87091
0.871411
0.871886
0.872388
0.872863
0.873365
0.87384
0.874315
0.874817
0.875292
0.875794
0.876269
0.87677
0.877246
0.877747
0.878222
0.878724
0.879199
0.879701
0.880176
0.880678
0.881153
0.881654
0.88213
0.882631
0.883106
0.883582
0.884083
0.884558
0.88506
0.885535
0.886037
0.886512
0.887014
0.887489
0.88799
0.888466
0.888967
0.889442
0.889944
0.890419
0.890894
0.891396
0.891871
0.892373
0.892848
0.89335
0.893825
0.894326
0.894802
0.895303
0.895778
0.89628
0.896755
0.89723
0.897732
0.898207
0.898709
0.899184
0.899686
0.900161
0.900662
0.901138
0.901639
0.902114
0.902616
0.903091
0.903593
0.904068
0.90457
0.905045
0.90552
0.906022
0.906497
0.906998
0.907474
0.907975
0.90845
0.908952
0.909427
0.909929
0.910404
0.910906
0.911381
0.911856
0.912358
0.912833
0.913334
0.91381
0.914311
0.914786
0.915288
0.915763
0.916265
0.91674
0.917242
0.917717
0.918192
0.918694
0.919169
0.91967
0.920146
0.920647
0.921122
0.921624
0.922099
0.922601
0.923076
0.923578
0.924053
0.924528
0.92503
0.925505
0.926006
0.926482
0.926983
0.927458
0.92796
0.928435
0.928937
0.929412
0.929914
0.930389
0.93089
0.931366
0.931867
0.932342
0.932818
0.933319
0.933794
0.934296
0.934771
0.935273
0.935748
0.93625
0.936725
0.937226
0.937702
0.938177
0.938678
0.93918
0.939655
0.94013
0.940632
0.941107
0.941609
0.942084
0.942586
0.943061
0.943562
0.944038
0.944539
0.945014
0.945516
0.945991
0.946466
0.946968
0.947443
0.947945
0.94842
0.948922
0.949397
0.949898
0.950374
0.950875
0.95135
0.951852
0.952327
0.952802
0.953304
0.953779
0.954281
0.954756
0.955258
0.955733
0.956234
0.95671
0.957211
0.957686
0.958188
0.958663
0.959165
0.95964
0.960115
0.960617
0.961092
0.961594
0.962069
0.96257
0.963046
0.963547
0.964022
0.964524
0.964999
0.965501
0.965976
0.966451
0.966953
0.967428
0.96793
0.968405
0.968906
0.969382
0.969883
0.970358
0.97086
0.971335
0.971837
0.972312
0.972814
0.973289
0.973764
0.974266
0.974741
